  0.0000000e+000  0.0000000e+000  0.0000000e+000  0.0000000e+000  0.0000000e+000  0.0000000e+000
 -2.5841386e-002 -3.9210106e-002  2.0621297e-001 -1.3078955e-003  2.8812569e-004 -3.8986074e-004
 -3.3331422e-002  1.8200195e-002  1.5225220e-001 -1.7395260e-004  5.9131078e-004 -4.8475146e-004
 -4.3878938e-002  7.2507197e-002  2.0340558e-001 -3.3021120e-004  5.3930741e-004 -7.2299584e-004
 -5.9949570e-002  6.4290451e-002  2.3180464e-001 -4.2234761e-004  5.8645926e-004 -8.4138874e-004
 -4.3937479e-002  5.9633175e-002  2.0819581e-001 -3.2894468e-004  3.3981849e-004 -7.3166682e-004
 -5.1735218e-002  4.7827029e-002  2.7219570e-001 -9.7942551e-004  3.7799972e-004 -7.0220175e-004
 -3.3547362e-002  5.7971615e-002  2.4390721e-001 -6.4096087e-004  3.1050638e-004 -4.8721518e-004
 -4.2855781e-002  7.2590436e-002  2.4749370e-001 -6.1418921e-004  4.3396751e-004 -6.5573606e-004
 -4.1580483e-002  5.3646727e-002  2.7556624e-001 -8.2636145e-004  5.2936211e-004 -5.6164310e-004
 -4.3517748e-002  6.7674777e-002  2.6362456e-001 -9.4885923e-004  5.6981532e-004 -6.0902171e-004
 -4.7551346e-002  9.3809515e-002  2.9308090e-001 -1.2617558e-003  3.3905261e-004 -6.4288989e-004
 -6.0477690e-002  5.9881029e-002  2.6771798e-001 -7.2877718e-004  6.4083358e-004 -7.3045508e-004
 -4.5575012e-002  8.6287265e-002  2.9255081e-001 -1.2310950e-003  3.6973688e-004 -6.4720402e-004
 -3.7394025e-002  5.0606781e-002  3.2047987e-001 -1.3511437e-003  5.8037833e-004 -4.6181844e-004
 -4.8299927e-002  8.9077048e-002  3.1334574e-001 -1.4353159e-003  5.7262591e-004 -6.7908544e-004
 -4.4229643e-002  7.0644432e-002  3.5802970e-001 -1.6001154e-003  5.6113125e-004 -5.7903819e-004
 -3.1332570e-002  7.2693190e-002  3.2346877e-001 -1.4548610e-003  3.8967954e-004 -4.8279017e-004
 -3.3227526e-002  9.6371334e-002  3.4627580e-001 -1.9906297e-003  3.8572293e-004 -5.4765565e-004
 -3.4236500e-002  7.4485595e-002  3.3387225e-001 -1.6114170e-003  4.6166475e-004 -3.8628536e-004
 -3.0514694e-002  1.2278269e-001  3.5732655e-001 -1.8117066e-003  4.1931933e-004 -4.4611945e-004
 -4.9083380e-002  1.1642210e-001  3.7539314e-001 -1.7654078e-003  8.1882920e-004 -6.2838664e-004
 -2.3250577e-002  1.3170382e-001  3.5308737e-001 -1.4519732e-003  4.9630473e-004 -3.6267631e-004
 -2.9527212e-002  1.1411963e-001  3.9108141e-001 -2.0915116e-003  3.5265977e-004 -4.3608490e-004
 -2.9983306e-002  8.7751675e-002  3.5384975e-001 -1.5739307e-003  4.5340963e-004 -3.9110596e-004
 -3.2793069e-002  1.2961228e-001  3.8248834e-001 -2.1902078e-003  3.2979238e-004 -5.1570036e-004
 -4.5950383e-002  9.7953982e-002  3.6483427e-001 -1.7395419e-003  5.7067772e-004 -5.8113681e-004
 -4.9325021e-002  1.2784464e-001  3.4707211e-001 -1.8215871e-003  5.1625111e-004 -5.8100311e-004
 -5.8795689e-002  1.3538797e-001  3.7002136e-001 -2.0220736e-003  5.9422155e-004 -6.7679845e-004
 -3.4085139e-002  1.0321848e-001  3.4997884e-001 -1.6757287e-003  3.1382546e-004 -4.4100385e-004
 -2.5941763e-002  1.3200918e-001  3.6358124e-001 -2.1135987e-003  1.6770378e-004 -3.5842672e-004
 -2.5930459e-002  1.2943024e-001  3.4932520e-001 -1.5628435e-003  3.7699116e-004 -4.0261759e-004
 -4.1817927e-002  1.1250001e-001  3.4467952e-001 -1.6375323e-003  5.6569861e-004 -6.9836719e-004
 -1.2378601e-002  1.2444645e-002  3.3546060e-001 -6.7789159e-005  6.5353416e-004 -9.1713629e-004
  1.0378215e-002  3.1971632e-002  3.3061688e-001 -1.3328154e-003 -5.7800018e-005 -1.3694704e-003
 -2.0897509e-002  1.1529507e-001  3.1510044e-001 -1.8014760e-003  1.4931855e-004 -1.3853776e-003
 -2.8503922e-002  6.6307754e-002  3.4015795e-001 -1.1484651e-003 -4.8549950e-005 -1.2936834e-003
 -3.7846374e-002  8.4734364e-002  3.1847939e-001 -7.7934290e-004  1.2000806e-004 -1.5315753e-003
 -3.5440650e-002  9.1227959e-002  3.7090875e-001 -1.4103607e-003 -2.1795255e-005 -1.3764193e-003
 -3.1214136e-002  6.7987915e-002  3.7112810e-001 -1.2484757e-003  1.6234140e-004 -1.3609092e-003
 -3.2315064e-002  1.1521818e-001  3.8770527e-001 -1.4572520e-003  5.6824168e-005 -1.3601233e-003
 -3.6933885e-002  1.5440451e-001  4.1410089e-001 -1.7887524e-003 -2.4442796e-004 -1.4280112e-003
  9.2291339e-003  4.3127321e-002  4.8852099e-001 -1.6838176e-003  4.4345347e-005 -8.1763083e-004
  2.8545716e+000 -5.9717537e-001  2.4871328e+000 -5.4186058e-002  2.3811347e-002  4.7610862e-002
  1.2176000e+000 -3.3916901e-001  1.3075476e+000 -2.6970579e-002  1.0531442e-002  2.1211449e-002
  1.1195448e+000 -1.8056116e-001  1.2662751e+000 -2.4099755e-002  8.6995687e-003  1.9552633e-002
  1.0486209e+000 -1.1899620e-001  1.2539477e+000 -2.2329279e-002  7.9930758e-003  1.8433717e-002
  1.0118273e+000 -1.6742405e-001  1.1632028e+000 -2.0178494e-002  7.6288913e-003  1.8109517e-002
  9.7595443e-001 -1.1526917e-001  1.1275945e+000 -1.8909674e-002  6.9306694e-003  1.7444099e-002
  9.4634609e-001 -1.0464007e-001  1.3786772e+000 -2.0459033e-002  7.0443706e-003  1.7348113e-002
  8.8454410e-001 -1.5660938e-001  1.3537417e+000 -1.8887878e-002  6.7185621e-003  1.6712903e-002
  9.1089458e-001 -1.1954293e-001  1.4195708e+000 -2.0286046e-002  6.1943151e-003  1.6815403e-002
  9.0799511e-001 -1.1400819e-001  1.4337535e+000 -1.9941111e-002  6.1648360e-003  1.6657643e-002
  8.9842241e-001 -1.2768555e-001  1.4005753e+000 -1.9388145e-002  6.2682563e-003  1.6544368e-002
  8.9749593e-001 -8.2546331e-002  1.4423625e+000 -2.0136477e-002  6.0618513e-003  1.6304802e-002
  9.0839579e-001 -1.2471581e-001  1.4187889e+000 -1.9337021e-002  5.9164891e-003  1.6607026e-002
  8.9741248e-001 -8.3320471e-002  1.3943065e+000 -1.9472839e-002  5.8012090e-003  1.6352814e-002
  8.8639524e-001 -1.3931514e-001  1.4087557e+000 -1.9632378e-002  5.9043573e-003  1.6181565e-002
  8.7371854e-001 -1.2612876e-001  1.3658717e+000 -1.8863527e-002  6.3344699e-003  1.6171502e-002
  8.8469719e-001 -6.9158536e-002  1.4018373e+000 -1.9629846e-002  5.8552262e-003  1.6069673e-002
  8.8950637e-001 -1.0867159e-001  1.4069224e+000 -1.9454601e-002  6.0573340e-003  1.6263777e-002
  8.6916087e-001 -9.3314681e-002  1.3751157e+000 -1.9303799e-002  6.0290101e-003  1.5910840e-002
  8.6739525e-001 -7.5700649e-002  1.4243301e+000 -1.9817934e-002  6.0311064e-003  1.5791285e-002
  8.8066992e-001 -1.2179656e-001  1.3927074e+000 -1.9049565e-002  5.9798012e-003  1.5957542e-002
  8.7689144e-001 -8.2832896e-002  1.3964532e+000 -1.9427932e-002  5.8897958e-003  1.5878921e-002
  8.7494041e-001 -6.5277596e-002  1.4317250e+000 -1.9590924e-002  5.7815075e-003  1.5751717e-002
  8.7308929e-001 -8.5893656e-002  1.3840920e+000 -1.8750536e-002  5.7681173e-003  1.5783675e-002
  8.8143767e-001 -6.9005033e-002  1.4131641e+000 -1.9402276e-002  5.6409169e-003  1.5647185e-002
  8.8018612e-001 -1.1078228e-001  1.4414278e+000 -1.9362755e-002  5.8969402e-003  1.5593538e-002
  8.9085591e-001 -7.7064171e-002  1.3751389e+000 -1.8825413e-002  5.6308773e-003  1.5647689e-002
  9.0773606e-001 -4.5745965e-002  1.4297188e+000 -1.9293923e-002  5.4678840e-003  1.5833839e-002
  8.7839504e-001 -8.3246200e-002  1.3891606e+000 -1.8589131e-002  5.7577102e-003  1.5469499e-002
  9.1058065e-001 -3.5302051e-002  1.3837706e+000 -1.8838111e-002  4.9950236e-003  1.5663135e-002
  8.8000176e-001 -5.6044115e-002  1.3882722e+000 -1.8508262e-002  5.4463935e-003  1.5420307e-002
  9.0844799e-001 -8.5366202e-002  1.3332892e+000 -1.7817340e-002  5.0686429e-003  1.5790618e-002
  8.9397590e-001 -3.7341695e-002  1.3519578e+000 -1.8344646e-002  5.0917817e-003  1.5437960e-002
  8.8643006e-001 -8.1119461e-002  1.3286383e+000 -1.7608325e-002  5.1272129e-003  1.5369829e-002
  9.0535738e-001 -6.5776134e-002  1.3029017e+000 -1.7468024e-002  4.8795121e-003  1.5426349e-002
  8.9832171e-001 -7.7468749e-002  1.3451447e+000 -1.7628806e-002  4.8584962e-003  1.5352054e-002
  8.9328742e-001 -1.3518809e-001  1.2967884e+000 -1.6794765e-002  4.9935665e-003  1.5251019e-002
  8.9492031e-001 -8.1641346e-002  1.3335747e+000 -1.7557644e-002  4.5969998e-003  1.5140567e-002
  8.8786677e-001 -8.3435001e-002  1.3278719e+000 -1.7086918e-002  4.8908955e-003  1.5149499e-002
  8.7017652e-001 -5.8592005e-002  1.2753730e+000 -1.6701573e-002  4.8823858e-003  1.4814193e-002
  8.5410903e-001 -4.2217999e-001 -1.4353486e+000  3.3415631e-002  1.4076399e-003  1.2752725e-002
  7.9080527e-001 -3.8676519e-001 -8.8526410e-001  3.6221808e-002 -8.1354631e-004  1.3423111e-002
  7.1454258e-001 -2.1266452e-001 -8.1382595e-001  2.9498255e-002 -7.0218100e-004  1.2204575e-002
  7.2232386e-001 -2.2500350e-001 -8.4721633e-001  3.0237965e-002 -9.5097788e-004  1.2362268e-002
  7.0990722e-001 -2.2917347e-001 -8.6218494e-001  3.0187677e-002 -7.8198624e-004  1.2247522e-002
  7.0652425e-001 -1.7131830e-001 -8.2142016e-001  2.8973697e-002 -1.4938233e-003  1.1905369e-002
  6.9574683e-001 -1.9947267e-001 -7.7789301e-001  2.8753263e-002 -2.0953173e-003  1.1688265e-002
  6.9116684e-001 -1.6461589e-001 -7.9208670e-001  2.8840795e-002 -2.1960945e-003  1.1569484e-002
  6.7088367e-001 -1.3005079e-001 -7.5612305e-001  2.8065521e-002 -2.4063323e-003  1.1204643e-002
  6.4819584e-001 -1.7283200e-001 -7.7903848e-001  2.8345161e-002 -2.0723546e-003  1.1047068e-002
  6.4340330e-001 -1.4140830e-001 -7.5654122e-001  2.7614791e-002 -2.7045258e-003  1.0920156e-002
  6.2789499e-001 -1.5517414e-001 -7.3113002e-001  2.7569748e-002 -2.4525515e-003  1.0789065e-002
  6.3350754e-001 -1.5939499e-001 -7.3585976e-001  2.7791260e-002 -2.3666598e-003  1.0867527e-002
  6.2218022e-001 -1.0515567e-001 -7.0379581e-001  2.6709684e-002 -2.8474468e-003  1.0668502e-002
  6.1956952e-001 -1.1718910e-001 -6.9974947e-001  2.7073865e-002 -2.6138352e-003  1.0816446e-002
  6.2362454e-001 -4.7308210e-002 -6.7448720e-001  2.6374331e-002 -3.3040071e-003  1.0528346e-002
  5.9770592e-001 -6.8822539e-002 -6.7253666e-001  2.6862405e-002 -3.1888065e-003  1.0277074e-002
  5.8786287e-001 -7.5623455e-002 -6.9793006e-001  2.7108990e-002 -2.8945120e-003  1.0217089e-002
  5.8971721e-001 -3.4258817e-002 -6.0819721e-001  2.5441194e-002 -3.2068996e-003  1.0179463e-002
  5.7338354e-001 -6.4845600e-002 -6.0572737e-001  2.5612325e-002 -2.6587870e-003  1.0128815e-002
  5.9744495e-001 -3.2981524e-002 -5.8217167e-001  2.4825375e-002 -3.2845889e-003  1.0303961e-002
  5.8684912e-001 -6.2982692e-002 -5.6630070e-001  2.4809818e-002 -3.1463555e-003  1.0186645e-002
  5.8841325e-001 -8.6192073e-002 -6.0936260e-001  2.5292677e-002 -3.4053493e-003  1.0018081e-002
  5.8901463e-001 -4.7435807e-002 -5.7018828e-001  2.4376832e-002 -3.4051452e-003  1.0187190e-002
  5.8333962e-001 -8.2758675e-002 -5.6899157e-001  2.4670750e-002 -3.3045302e-003  1.0217331e-002
  5.8629725e-001 -4.1243517e-002 -5.9968675e-001  2.4759537e-002 -3.4585831e-003  1.0133943e-002
  5.7456175e-001 -3.0313022e-002 -5.6632537e-001  2.4303932e-002 -3.4623133e-003  1.0056018e-002
  5.8143684e-001 -5.4871840e-002 -5.7884834e-001  2.4898412e-002 -3.5273181e-003  1.0170777e-002
  5.6258640e-001 -3.5729379e-002 -5.9857555e-001  2.4434902e-002 -3.5110455e-003  9.8049831e-003
  5.5912102e-001 -6.1162614e-002 -5.7270701e-001  2.4262233e-002 -3.5440159e-003  9.7951295e-003
  5.9615851e-001 -5.8419918e-002 -5.8291559e-001  2.4571860e-002 -3.7907427e-003  1.0188828e-002
  5.5922597e-001 -2.9812334e-002 -5.7119802e-001  2.3982239e-002 -3.7098062e-003  9.6142454e-003
  5.6516728e-001 -5.9125220e-002 -5.5678563e-001  2.4127068e-002 -3.9104159e-003  9.6399674e-003
  5.7093255e-001 -7.1117859e-002 -5.8907750e-001  2.4561139e-002 -3.7837594e-003  9.7779543e-003
  5.6474995e-001 -1.3151950e-002 -5.8948868e-001  2.4358981e-002 -3.8547407e-003  9.7945277e-003
  5.6129535e-001 -3.1012646e-002 -5.4467119e-001  2.3915800e-002 -3.7040484e-003  9.8206885e-003
  5.6039120e-001 -6.5500701e-002 -5.6813250e-001  2.4503639e-002 -3.7238976e-003  9.7767136e-003
  5.6858262e-001 -2.6852150e-002 -5.5101042e-001  2.3952739e-002 -4.0459089e-003  9.9565453e-003
  5.6614707e-001 -3.5746585e-002 -5.6687049e-001  2.4505093e-002 -3.7784299e-003  1.0032041e-002
  5.6369676e-001 -1.7999941e-002 -5.6213622e-001  2.4142007e-002 -4.1903639e-003  9.8295801e-003
  5.5995659e-001 -4.0632515e-002 -5.5502201e-001  2.4480930e-002 -4.0285027e-003  9.8728886e-003
  5.8611320e-001 -6.4660806e-002 -5.5564710e-001  2.4515649e-002 -4.2078127e-003  1.0242570e-002
  5.8110616e-001  5.6899404e-003 -5.4850768e-001  2.3831355e-002 -4.4858431e-003  1.0136616e-002
  5.9145072e-001 -3.5211972e-002 -5.3874296e-001  2.4171007e-002 -4.4263571e-003  1.0325788e-002
  5.8537852e-001 -3.6786027e-002 -5.6039637e-001  2.4493686e-002 -4.2732580e-003  1.0128185e-002
  5.8261121e-001 -2.2047086e-002 -5.3332296e-001  2.3595793e-002 -4.5125102e-003  1.0011430e-002
  5.8330736e-001 -4.8495843e-002 -5.3186119e-001  2.3907600e-002 -4.2447770e-003  1.0005494e-002
  1.0827883e+000  3.6336129e-003  7.1934349e-001 -6.5885060e-003  5.3497171e-003  1.8030492e-002
  1.1372067e+000  1.5963651e-001  1.4317804e+000 -1.6955573e-002  7.1858710e-003  2.0035814e-002
  1.0766004e+000  4.7755873e-002  1.2800945e+000 -1.2895518e-002  4.8157233e-003  1.8471875e-002
  1.0582489e+000  1.4233444e-001  1.3022337e+000 -1.3219528e-002  4.0775877e-003  1.8160349e-002
  1.0008078e+000  1.0887082e-001  1.3598972e+000 -1.3846705e-002  4.0682406e-003  1.7296666e-002
  9.8085376e-001  9.8809844e-002  1.2879453e+000 -1.2567547e-002  3.7142714e-003  1.6896221e-002
  9.6733974e-001  1.4653252e-001  1.2309557e+000 -1.2416083e-002  3.6921842e-003  1.6595023e-002
  9.2160639e-001  1.1356802e-001  1.1113585e+000 -1.0720090e-002  3.4556388e-003  1.5928043e-002
  9.2366462e-001  1.6254954e-001  1.1370026e+000 -1.0816947e-002  3.1458143e-003  1.5957234e-002
  9.1937764e-001  1.6784638e-001  1.2206319e+000 -1.1896226e-002  3.0135336e-003  1.5974661e-002
  9.1787374e-001  1.0450457e-001  1.1825874e+000 -1.0974027e-002  2.9254881e-003  1.6009224e-002
  8.7708564e-001  1.6363478e-001  1.1977927e+000 -1.1418656e-002  3.1523547e-003  1.5429048e-002
  8.8680014e-001  1.6212626e-001  1.2341234e+000 -1.1786205e-002  3.0719006e-003  1.5634032e-002
  8.7867610e-001  1.5043386e-001  1.1811246e+000 -1.1134658e-002  3.0037261e-003  1.5485111e-002
  9.1751608e-001  1.8864602e-001  1.2229010e+000 -1.1665703e-002  2.2788908e-003  1.5885702e-002
  8.5009164e-001  1.6645046e-001  1.1312413e+000 -1.0084112e-002  3.4971380e-003  1.5322161e-002
  8.5798544e-001  2.0313066e-001  1.1599868e+000 -1.0601806e-002  3.0632146e-003  1.5270902e-002
  8.6805852e-001  1.7337849e-001  1.1746656e+000 -1.0549366e-002  3.0798946e-003  1.5526514e-002
  8.6949796e-001  1.9302701e-001  1.1313820e+000 -1.0269558e-002  3.1743140e-003  1.5423991e-002
  8.5545442e-001  1.9337775e-001  1.1780079e+000 -1.0512309e-002  3.2679123e-003  1.5223424e-002
  8.8366864e-001  1.6388218e-001  1.1732445e+000 -1.0171103e-002  3.0617794e-003  1.5620383e-002
  8.7391113e-001  2.1343124e-001  1.1980343e+000 -1.0867364e-002  3.1541697e-003  1.5286909e-002
  8.6980252e-001  1.6222532e-001  1.2018380e+000 -1.0571275e-002  3.3779272e-003  1.5356193e-002
  8.5887707e-001  1.1758429e-001  1.1817289e+000 -9.9164839e-003  3.3607470e-003  1.5081729e-002
  8.4870745e-001  1.9871499e-001  1.2056068e+000 -1.0443973e-002  3.4818112e-003  1.4866697e-002
  8.5630003e-001  1.7880307e-001  1.2183594e+000 -1.0195262e-002  3.5260176e-003  1.5010623e-002
  8.5118596e-001  1.7759045e-001  1.2139434e+000 -9.9860099e-003  3.4392258e-003  1.4877649e-002
  8.4216652e-001  2.1094560e-001  1.2610118e+000 -1.0641134e-002  3.4892375e-003  1.4827912e-002
  8.3195255e-001  1.6969687e-001  1.2236236e+000 -9.6053766e-003  3.7414357e-003  1.4720059e-002
  8.5628910e-001  1.9483707e-001  1.2356613e+000 -1.0121964e-002  3.3412921e-003  1.5051294e-002
  8.4988340e-001  1.8623663e-001  1.2738114e+000 -1.0517533e-002  3.5946391e-003  1.5156696e-002
  8.2826651e-001  1.5668421e-001  1.2114320e+000 -9.5370738e-003  3.7358747e-003  1.4898666e-002
  8.3361645e-001  1.9689632e-001  1.2566846e+000 -1.0441589e-002  3.7919719e-003  1.4842576e-002
  8.1836662e-001  1.2769243e-001  1.2387890e+000 -9.7517972e-003  4.0157770e-003  1.4837814e-002
  8.2684967e-001  1.8139101e-001  1.2269700e+000 -9.9279244e-003  3.7677154e-003  1.4830521e-002
  8.3846064e-001  1.6726562e-001  1.2707239e+000 -1.0429465e-002  3.9636806e-003  1.5051128e-002
  8.2977607e-001  1.2101121e-001  1.2028209e+000 -9.3730436e-003  3.8177721e-003  1.4893477e-002
  8.0073223e-001  1.8828933e-001  1.2562504e+000 -1.0620375e-002  4.3560871e-003  1.4621628e-002
  8.2190270e-001  1.5342273e-001  1.2190848e+000 -9.5641516e-003  4.3108245e-003  1.5026134e-002
  8.0607198e-001  1.8257629e-001  1.2477481e+000 -9.9917738e-003  4.5202262e-003  1.4761981e-002
  8.2699052e-001  1.5817545e-001  1.2897908e+000 -1.0363502e-002  4.3695945e-003  1.4943043e-002
  8.0614505e-001  1.4197050e-001  1.2354692e+000 -9.5331227e-003  4.5396844e-003  1.4672371e-002
  8.0466247e-001  2.2123285e-001  1.2963370e+000 -1.0723189e-002  4.4068273e-003  1.4563765e-002
  8.1595106e-001  1.2242551e-001  1.2629272e+000 -9.5982274e-003  4.5629212e-003  1.4824103e-002
  8.1589770e-001  2.1184857e-001  1.2917972e+000 -1.0359368e-002  4.5008823e-003  1.4745257e-002
  8.1102538e-001  1.5045094e-001  1.0632440e+000 -6.4610159e-003  2.9498094e-003  1.6699692e-002
  6.6430649e-001  1.8488338e-001  1.1100395e+000 -7.1441763e-003  2.5002363e-003  1.2951282e-002
  6.6946728e-001  2.2522433e-001  1.1854303e+000 -7.8797589e-003  2.6515717e-003  1.3150594e-002
  6.7089739e-001  1.8070291e-001  1.1623277e+000 -7.0052483e-003  2.6204461e-003  1.3180596e-002
  6.7965384e-001  2.3474618e-001  1.1723714e+000 -7.5903434e-003  2.1331281e-003  1.3163561e-002
  6.6640678e-001  2.0369001e-001  1.1885609e+000 -7.3900001e-003  2.7097727e-003  1.3213561e-002
  6.7258771e-001  2.2089700e-001  1.1365369e+000 -6.8908168e-003  2.1458614e-003  1.3087924e-002
  6.5017647e-001  2.4558289e-001  1.1775829e+000 -7.6366003e-003  2.4534283e-003  1.2874751e-002
  6.4062545e-001  2.1566706e-001  1.0814506e+000 -6.2723973e-003  2.9301741e-003  1.3065968e-002
  6.2999950e-001  2.7055506e-001  1.1553111e+000 -7.5461091e-003  2.7798859e-003  1.2693335e-002
  6.5928165e-001  2.3035491e-001  1.1559434e+000 -7.0294011e-003  2.6348266e-003  1.3111929e-002
  6.4659470e-001  2.6512637e-001  1.1288053e+000 -7.2670634e-003  2.7953011e-003  1.3015073e-002
  6.4651870e-001  2.5807887e-001  1.1375173e+000 -7.3290191e-003  3.3063099e-003  1.3212699e-002
  6.0234832e-001  2.3510034e-001  1.0522875e+000 -7.1231613e-003  3.8683268e-003  1.2727978e-002
  6.3157762e-001  2.3982963e-001  1.1016015e+000 -7.9118441e-003  4.1433728e-003  1.3310441e-002
  6.4663471e-001  2.3567548e-001  1.0396200e+000 -6.9292115e-003  3.9263175e-003  1.3445095e-002
  6.7352308e-001  2.5264739e-001  1.1320389e+000 -8.0048456e-003  3.6337781e-003  1.3583288e-002
  6.8474455e-001  2.4562897e-001  1.1128701e+000 -7.3376990e-003  3.3671071e-003  1.3615911e-002
  6.6291124e-001  2.7933913e-001  1.1143912e+000 -7.5265820e-003  3.1908687e-003  1.3298133e-002
  6.5471881e-001  2.2968106e-001  1.1509917e+000 -7.4689345e-003  3.0371222e-003  1.3197650e-002
  6.4734877e-001  2.1187721e-001  1.1078643e+000 -6.7642934e-003  3.1166168e-003  1.3059249e-002
  6.4027028e-001  2.3443949e-001  1.1099470e+000 -7.0484194e-003  2.7423079e-003  1.2793716e-002
  6.4538754e-001  2.1634883e-001  1.1560249e+000 -7.4308397e-003  2.9617346e-003  1.2889963e-002
  6.3035158e-001  2.2151098e-001  1.0989547e+000 -6.9423842e-003  2.8964053e-003  1.2584069e-002
  6.2269750e-001  2.5948837e-001  1.1395330e+000 -7.5446835e-003  2.9053631e-003  1.2483660e-002
  6.2802431e-001  2.0638586e-001  1.1211974e+000 -6.9505359e-003  3.0238332e-003  1.2664403e-002
  6.0356619e-001  2.3451456e-001  1.1134798e+000 -7.1957887e-003  3.3667782e-003  1.2336695e-002
  6.5593679e-001  2.0753957e-001  1.1457727e+000 -7.3155289e-003  3.0874472e-003  1.3080623e-002
  6.4688288e-001  2.3096362e-001  1.0840233e+000 -6.7184402e-003  3.2688016e-003  1.2942443e-002
  6.5711494e-001  2.3883114e-001  1.1513122e+000 -7.7372432e-003  2.9085052e-003  1.3057224e-002
  6.4009570e-001  2.1007193e-001  1.1574553e+000 -7.5555254e-003  3.1297050e-003  1.2791080e-002
  6.4696331e-001  2.3077363e-001  1.1307804e+000 -7.4828851e-003  2.7888499e-003  1.2804799e-002
  6.5119395e-001  2.2704385e-001  1.1730247e+000 -8.0238201e-003  2.8733166e-003  1.2953177e-002
  6.2946020e-001  2.0834001e-001  1.1225045e+000 -7.1846639e-003  3.2328838e-003  1.2590091e-002
  6.2830234e-001  2.5096835e-001  1.1385731e+000 -7.6182295e-003  3.0410930e-003  1.2508247e-002
  6.3020621e-001  2.0764824e-001  1.1598722e+000 -7.4065317e-003  3.2512251e-003  1.2547676e-002
  6.3489056e-001  2.2123759e-001  1.1352165e+000 -7.1906531e-003  2.8360485e-003  1.2464293e-002
  6.3972719e-001  2.5164892e-001  1.1908795e+000 -7.7974874e-003  2.9491840e-003  1.2701744e-002
  4.3517165e-001  2.4110565e-001  1.1087338e+000 -6.1786078e-003  2.6513871e-003  9.4584318e-003
  5.2496248e-001  2.4687383e-001  1.1309175e+000 -7.1337049e-003  2.4149788e-003  1.0611877e-002
  5.5769291e-001  2.3741870e-001  1.1601025e+000 -7.0154663e-003  2.3118353e-003  1.1098033e-002
  5.6641572e-001  2.7794548e-001  1.1134516e+000 -6.8331640e-003  2.2425450e-003  1.1184906e-002
  5.6020108e-001  2.7558550e-001  1.1449887e+000 -7.0793649e-003  2.4021735e-003  1.1220468e-002
  5.6752172e-001  2.3841322e-001  1.0615898e+000 -6.3576241e-003  2.7087027e-003  1.1243159e-002
  5.8367358e-001  2.8599712e-001  1.1297269e+000 -7.4593894e-003  2.7253310e-003  1.1468096e-002
  5.8637244e-001  2.3440030e-001  1.1071414e+000 -6.6639851e-003  2.6879743e-003  1.1520318e-002
  5.9864743e-001  2.5784063e-001  1.0851637e+000 -6.5883972e-003  2.3277138e-003  1.1715074e-002
  5.5814144e-001  2.3939736e-001  1.1158491e+000 -6.6494300e-003  2.8333087e-003  1.1349110e-002
  5.4945749e-001  2.4743993e-001  1.0807856e+000 -6.3378920e-003  2.9307661e-003  1.1077972e-002
  5.6380403e-001  2.5771831e-001  1.1423487e+000 -7.4199315e-003  2.9251616e-003  1.1282507e-002
  5.6387251e-001  2.2842524e-001  1.0814826e+000 -6.2321204e-003  2.8839034e-003  1.1275845e-002
  5.4717679e-001  3.5534972e-001  1.0664491e+000 -6.5900269e-003  2.9054398e-003  1.1110048e-002
  5.3120883e-001  2.5978194e-001  1.0852961e+000 -6.2490005e-003  3.0936371e-003  1.1060715e-002
  5.5916739e-001  2.7833241e-001  1.0445671e+000 -6.2094695e-003  2.7093794e-003  1.1333519e-002
  6.0030946e-001  2.6781877e-001  1.0425225e+000 -6.5705473e-003  2.4615118e-003  1.1689855e-002
  6.6884909e-001  9.6248475e-002  4.0147822e-001  2.1519471e-003  8.1987731e-004  1.3073945e-002
  6.1307771e-001  3.1990699e-001  7.5440088e-001 -2.8281327e-003  8.1255468e-004  1.2539704e-002
  6.3363475e-001  3.0943131e-001  8.3182871e-001 -3.3068467e-003  5.4696606e-004  1.2702335e-002
  6.2084671e-001  3.2244613e-001  8.7511584e-001 -3.6867131e-003  3.6165462e-004  1.2411979e-002
  5.9461983e-001  2.6103165e-001  8.9414466e-001 -3.6053423e-003  1.0289053e-003  1.2219009e-002
  5.9542143e-001  3.2898826e-001  8.8616477e-001 -4.3999357e-003  8.4833134e-004  1.2073124e-002
  6.0111013e-001  2.7591849e-001  9.1881901e-001 -4.2898589e-003  1.0541374e-003  1.2267894e-002
  5.8318948e-001  3.0271830e-001  8.6935535e-001 -3.9103135e-003  1.0708133e-003  1.2026825e-002
  5.7932071e-001  3.3687331e-001  9.5655043e-001 -4.9068487e-003  6.8932232e-004  1.1824730e-002
  8.7108794e-001  2.3439092e-001  9.9188547e-001 -5.8573651e-003  2.8204990e-003  1.6755497e-002
  7.2959619e-001  2.6284512e-001  9.9681713e-001 -5.8879344e-003  1.5324303e-003  1.4310121e-002
  6.9924641e-001  2.3910820e-001  1.0076068e+000 -5.5991676e-003  1.8110264e-003  1.4146397e-002
  6.8259114e-001  2.8222888e-001  9.5777601e-001 -5.4425051e-003  1.5730840e-003  1.3729991e-002
  6.9118477e-001  2.9058176e-001  9.8135691e-001 -5.5282140e-003  1.5556154e-003  1.3914525e-002
  6.8952338e-001  2.9101193e-001  9.6727038e-001 -5.5929108e-003  1.3841053e-003  1.3835228e-002
  6.9193673e-001  2.5899672e-001  9.6829641e-001 -5.5140116e-003  1.6697936e-003  1.3488667e-002
  6.9168452e-001  1.4154448e-001  1.0803474e+000 -6.5280220e-003  1.4129872e-004  1.2614370e-002
  7.1639661e-001  3.0515825e-001  9.6507424e-001 -6.0577670e-003 -3.4231999e-004  1.2821463e-002
  6.6505640e-001  2.6931750e-001  9.2847616e-001 -4.4306953e-003  2.8606546e-004  1.2861889e-002
  6.4864909e-001  3.0912962e-001  1.0009952e+000 -4.9201832e-003  1.7852023e-004  1.2728079e-002
  6.5374533e-001  2.6346771e-001  9.9079193e-001 -4.7432610e-003  5.0293381e-004  1.2876613e-002
  6.5909324e-001  2.8692590e-001  1.0286528e+000 -5.5273412e-003  3.2944315e-004  1.2824857e-002
  6.3008413e-001  2.4671317e-001  1.0634845e+000 -5.7803537e-003  7.0519209e-004  1.2643502e-002
  6.3010024e-001  2.4827432e-001  1.0368807e+000 -5.8556920e-003  8.9007910e-004  1.2524967e-002
  6.3547670e-001  2.6207927e-001  1.0728204e+000 -5.9457465e-003  8.9424943e-004  1.2712100e-002
  6.3948551e-001  2.3143096e-001  1.0116829e+000 -5.0047594e-003  9.0797475e-004  1.2798076e-002
  6.3358884e-001  2.7956313e-001  1.0463085e+000 -5.9185913e-003  1.1002713e-003  1.2650675e-002
  6.1108429e-001  2.5193142e-001  1.0495289e+000 -5.5193998e-003  1.4068707e-003  1.2540737e-002
  6.0459954e-001  2.8519614e-001  1.0477166e+000 -5.6513587e-003  1.4680219e-003  1.2359972e-002
  6.2227430e-001  2.6583675e-001  1.0829315e+000 -5.9717964e-003  1.2052975e-003  1.2612065e-002
  6.1595603e-001  2.5832801e-001  1.0319780e+000 -5.1989014e-003  1.2255048e-003  1.2544346e-002
  6.1223221e-001  2.6918082e-001  1.1023541e+000 -6.3695013e-003  1.2682694e-003  1.2459740e-002
  6.3146706e-001  2.5400746e-001  1.0644433e+000 -5.6888806e-003  1.2471437e-003  1.2729259e-002
  6.4003843e-001  2.7764785e-001  1.0708966e+000 -6.0419393e-003  6.1293618e-004  1.2740484e-002
  6.1198927e-001  2.6226480e-001  1.0890090e+000 -5.7649665e-003  8.7355705e-004  1.2464286e-002
  6.2725501e-001  2.7442957e-001  1.0628544e+000 -5.9072018e-003  5.4875432e-004  1.2494213e-002
  1.0379062e+000  2.1637616e-001  8.1735289e-001 -1.8370370e-003  1.8191114e-003  1.9823192e-002
  9.8892858e-001  1.5567674e-001  8.8116137e-001 -3.0451347e-003  5.9458701e-005  1.8812570e-002
  9.4595633e-001  2.4777348e-001  9.3593268e-001 -3.8828454e-003 -5.1670691e-004  1.8094488e-002
  9.0216842e-001  2.0787216e-001  9.3499603e-001 -3.4826153e-003 -5.8815817e-005  1.7509351e-002
  8.8612180e-001  2.4090959e-001  9.2730612e-001 -3.6966103e-003  3.4362342e-006  1.7251984e-002
  8.8495209e-001  2.8682481e-001  9.8620763e-001 -4.4118959e-003 -8.0630368e-005  1.7279217e-002
  8.4574199e-001  2.4042667e-001  8.9640486e-001 -3.1154652e-003  5.2608233e-005  1.6713531e-002
  8.3905354e-001  2.7348281e-001  9.6443270e-001 -4.0837701e-003 -3.1375708e-004  1.6443953e-002
  8.2421620e-001  2.7247558e-001  9.4393352e-001 -3.6746470e-003 -1.6124836e-005  1.6342149e-002
  8.1626217e-001  2.8831958e-001  9.2845670e-001 -3.8484222e-003 -1.4369550e-004  1.6080990e-002
  8.0569116e-001  2.7625483e-001  9.7456897e-001 -4.3061564e-003 -9.6682200e-005  1.5928217e-002
  8.0670964e-001  2.4321551e-001  9.4674571e-001 -3.6421606e-003  2.9380301e-004  1.5967252e-002
  8.0505679e-001  2.7634818e-001  9.6692124e-001 -4.1819385e-003 -5.9955610e-005  1.5864797e-002
  7.9903481e-001  2.5216393e-001  9.4840603e-001 -3.6461530e-003  4.4560362e-004  1.5972598e-002
  7.9124901e-001  2.6846192e-001  9.6005045e-001 -4.1547794e-003  2.3230970e-004  1.5664407e-002
  7.8662970e-001  2.6680587e-001  1.0010081e+000 -4.3873238e-003  3.1210923e-004  1.5568371e-002
  7.8260804e-001  2.7208846e-001  9.5526417e-001 -4.0638659e-003  4.7489556e-004  1.5527548e-002
  7.8594415e-001  3.1395931e-001  9.9184996e-001 -4.4842191e-003  3.9320725e-004  1.5537418e-002
  7.7591198e-001  2.5081346e-001  9.5138650e-001 -3.6228871e-003  4.4284966e-004  1.5389431e-002
  7.6813390e-001  2.8381059e-001  9.8424003e-001 -4.3996045e-003  3.1541263e-004  1.5211463e-002
  7.7711026e-001  2.6497751e-001  9.7858355e-001 -3.9523223e-003  3.1834221e-004  1.5384545e-002
  7.5946361e-001  2.7185303e-001  9.6672970e-001 -4.2179049e-003  4.3668555e-004  1.5073937e-002
  7.7080406e-001  2.5114051e-001  9.6493021e-001 -4.0544538e-003  3.3832347e-004  1.5219626e-002
  7.8165807e-001  2.7786514e-001  9.3755232e-001 -3.6361357e-003  4.0775609e-004  1.5241305e-002
  7.7878948e-001  3.1516171e-001  9.7283115e-001 -4.1723645e-003  1.1502550e-004  1.5261632e-002
  7.7021129e-001  2.4306847e-001  9.3808649e-001 -3.5016134e-003  5.8344357e-004  1.5265007e-002
  7.8793403e-001  2.6410785e-001  9.5905148e-001 -4.2647722e-003  2.3899964e-004  1.5396616e-002
  7.8808277e-001  2.5644608e-001  9.5080395e-001 -3.9670841e-003  4.2990181e-004  1.5529150e-002
  7.7687790e-001  2.7215543e-001  9.1416161e-001 -3.8714639e-003  6.8208748e-004  1.5370232e-002
  7.9673448e-001  2.7795577e-001  9.7380379e-001 -4.3640870e-003  2.1279286e-004  1.5504576e-002
  7.9399890e-001  2.2406452e-001  9.4210682e-001 -3.5586836e-003  3.4965404e-004  1.5502396e-002
  8.0723319e-001  2.5311609e-001  9.7105339e-001 -4.1369593e-003 -1.5661599e-004  1.5588780e-002
  7.7180334e-001  2.1410730e-001  9.4790715e-001 -3.9633813e-003  7.9132929e-004  1.5321216e-002
  7.9355328e-001  2.6544793e-001  9.3641177e-001 -4.0358620e-003  4.4511164e-004  1.5636682e-002
